 day | total_assignments 
-----+-------------------
  34 |              1162
  43 |              1451
  25 |              1288
  32 |              1334
   8 |              1726
  12 |              1611
   1 |              2062
  10 |              1629
  26 |              1127
  42 |              1210
  11 |              1253
  18 |               966
  16 |              1449
  39 |              1500
   3 |              1728
  47 |              1026
  13 |               895
  49 |               986
  22 |              1610
   9 |              2267
  24 |              1610
  14 |               895
  45 |              1340
  46 |              1462
  27 |               800
  48 |               630
  17 |              1449
  28 |               967
  36 |              1660
  15 |              1568
  38 |              1263
   4 |              1728
  30 |              1870
  50 |              1098
  33 |              1328
   6 |              1152
  40 |               906
  19 |              1288
  29 |              1638
   2 |              1728
  21 |               644
  51 |              1464
  23 |              1610
  41 |               906
  31 |              1513
  35 |               996
  20 |              1288
   5 |              1344
  44 |              1474
   7 |              1344
  37 |              1643
(51 rows)

